5 5 884 442
877 1280 780 390
950 910 700 350 
1018 565 640 320
1090 270 560 280 
1150 10 500 250
20 1438 440 220
20 1220 400 200
20 1038 350 175
20 865 320 160
20 720 290 145
20 585 260 130
423 685 230 115
640 1010 208 104
663 915 184 92
680 833 164 82
694 757 150 75
713 692 130 65
429 1050 118 59
429 997 106 53
429 950 92 46
428 908 86 43
430 870 78 39
430 837 68 34
531 866 60 30
586 947 54 27
591 923 50 25
596 902 44 22
601 884 40 20
605 867 36 18
533 957 32 16
533 944 30 15
533 933 26 13